Wavelength	Red	Reflectance	LowCI	UpperCI
280	Natural	0.98	0.705078388	1.254921612
281	Natural	1.00037037	0.724115837	1.276624904
282	Natural	1.014444444	0.73526367	1.293625219
283	Natural	1.049753086	0.765229314	1.334276859
284	Natural	1.04962963	0.762754831	1.336504429
285	Natural	1.026049383	0.737520151	1.314578615
286	Natural	1.04308642	0.751277026	1.334895814
287	Natural	1.05617284	0.758623876	1.353721803
288	Natural	1.081666667	0.775603426	1.387729907
289	Natural	1.11691358	0.802383484	1.431443677
290	Natural	1.138641975	0.813051016	1.464232935
291	Natural	1.159074074	0.823858812	1.494289336
292	Natural	1.194444444	0.847988815	1.540900074
293	Natural	1.24691358	0.887009616	1.606817545
294	Natural	1.271666667	0.904592585	1.638740748
295	Natural	1.26691358	0.898279231	1.63554793
296	Natural	1.261481481	0.890882676	1.632080287
297	Natural	1.266481481	0.893705801	1.639257162
298	Natural	1.254814815	0.881890382	1.627739248
299	Natural	1.280864198	0.904434977	1.657293418
300	Natural	1.312037037	0.932135039	1.691939035
301	Natural	1.300864198	0.920399752	1.681328643
302	Natural	1.296790123	0.916504233	1.677076014
303	Natural	1.277283951	0.896990785	1.657577116
304	Natural	1.280740741	0.89998651	1.661494972
305	Natural	1.278888889	0.90015779	1.657619987
306	Natural	1.302222222	0.922270111	1.682174333
307	Natural	1.323518519	0.944176807	1.70286023
308	Natural	1.296419753	0.920305208	1.672534298
309	Natural	1.297407407	0.922564562	1.672250252
310	Natural	1.29037037	0.917147694	1.663593047
311	Natural	1.28691358	0.913448854	1.660378306
312	Natural	1.314320988	0.937035283	1.691606692
313	Natural	1.325432099	0.945702698	1.705161499
314	Natural	1.317222222	0.937122223	1.697322221
315	Natural	1.299012346	0.920083372	1.67794132
316	Natural	1.258518519	0.883935627	1.63310141
317	Natural	1.24462963	0.870259327	1.618999933
318	Natural	1.263950617	0.888942007	1.638959228
319	Natural	1.273209877	0.897896776	1.648522977
320	Natural	1.294814815	0.917820726	1.671808904
321	Natural	1.29654321	0.919790828	1.673295591
322	Natural	1.296296296	0.918617213	1.67397538
323	Natural	1.302592593	0.924544788	1.680640398
324	Natural	1.297592593	0.920476736	1.674708449
325	Natural	1.310740741	0.934063919	1.687417563
326	Natural	1.307407407	0.930933451	1.683881364
327	Natural	1.299814815	0.923033732	1.676595897
328	Natural	1.282839506	0.906368694	1.659310318
329	Natural	1.272716049	0.89594151	1.649490589
330	Natural	1.262469136	0.886253096	1.638685176
331	Natural	1.268888889	0.893030532	1.644747246
332	Natural	1.27691358	0.900514841	1.65331232
333	Natural	1.264938272	0.889187581	1.640688962
334	Natural	1.261666667	0.885294778	1.638038555
335	Natural	1.262098765	0.885090732	1.639106799
336	Natural	1.271358025	0.893100396	1.649615653
337	Natural	1.290987654	0.911764618	1.670210691
338	Natural	1.308148148	0.927459425	1.688836871
339	Natural	1.313703704	0.933227069	1.694180338
340	Natural	1.31308642	0.931474855	1.694697985
341	Natural	1.306851852	0.923629037	1.690074666
342	Natural	1.301234568	0.918003819	1.684465317
343	Natural	1.307407407	0.921568493	1.693246322
344	Natural	1.310493827	0.924503415	1.696484239
345	Natural	1.325	0.938320251	1.711679749
346	Natural	1.33691358	0.950075971	1.72375119
347	Natural	1.344938272	0.957175258	1.732701286
348	Natural	1.343209877	0.953032491	1.733387262
349	Natural	1.339259259	0.947413607	1.731104911
350	Natural	1.33382716	0.939381064	1.728273256
351	Natural	1.339382716	0.94206177	1.736703663
352	Natural	1.355740741	0.956365358	1.755116124
353	Natural	1.380740741	0.979631327	1.781850154
354	Natural	1.392222222	0.9890648	1.795379644
355	Natural	1.398271605	0.99347612	1.803067089
356	Natural	1.406481481	0.999612184	1.813350779
357	Natural	1.40345679	0.995564614	1.811348966
358	Natural	1.412839506	1.003555998	1.822123015
359	Natural	1.424197531	1.012582163	1.835812899
360	Natural	1.432592593	1.019961721	1.845223464
361	Natural	1.437530864	1.021881267	1.853180461
362	Natural	1.448888889	1.03086603	1.866911748
363	Natural	1.443333333	1.023478336	1.863188331
364	Natural	1.436666667	1.016117274	1.857216059
365	Natural	1.452098765	1.031048803	1.873148727
366	Natural	1.451604938	1.028072441	1.875137436
367	Natural	1.461111111	1.035140264	1.887081959
368	Natural	1.472592593	1.044094301	1.901090884
369	Natural	1.472716049	1.041647417	1.903784682
370	Natural	1.482962963	1.050488849	1.915437077
371	Natural	1.492592593	1.058406006	1.926779179
372	Natural	1.493209877	1.0577214	1.928698353
373	Natural	1.488024691	1.050089721	1.925959661
374	Natural	1.493209877	1.052881468	1.933538285
375	Natural	1.503703704	1.060514998	1.946892409
376	Natural	1.510864198	1.065362964	1.956365431
377	Natural	1.537407407	1.088698831	1.986115984
378	Natural	1.554691358	1.103395348	2.005987368
379	Natural	1.555925926	1.10324468	2.008607172
380	Natural	1.569753086	1.115478641	2.024027532
381	Natural	1.566049383	1.110019544	2.022079222
382	Natural	1.568395062	1.110044167	2.026745957
383	Natural	1.580185185	1.119470123	2.040900248
384	Natural	1.581728395	1.1183833	2.04507349
385	Natural	1.591851852	1.125740834	2.05796287
386	Natural	1.602962963	1.134547235	2.071378691
387	Natural	1.600925926	1.130997044	2.070854808
388	Natural	1.607160494	1.135618233	2.078702755
389	Natural	1.614320988	1.140933145	2.08770883
390	Natural	1.621481481	1.145938038	2.097024925
391	Natural	1.633888889	1.155893866	2.111883912
392	Natural	1.635925926	1.156244287	2.115607564
393	Natural	1.641481481	1.1594256	2.123537363
394	Natural	1.650493827	1.165999727	2.134987927
395	Natural	1.65462963	1.168714682	2.140544578
396	Natural	1.662962963	1.174615687	2.151310239
397	Natural	1.675185185	1.184704932	2.165665438
398	Natural	1.673703704	1.181748238	2.165659169
399	Natural	1.679444444	1.185864607	2.173024282
400	Natural	1.688765432	1.192452775	2.185078089
401	Natural	1.685679012	1.187169244	2.184188781
402	Natural	1.686790123	1.18657828	2.187001967
403	Natural	1.69	1.188166289	2.191833711
404	Natural	1.692098765	1.189318038	2.194879493
405	Natural	1.704567901	1.199044869	2.210090934
406	Natural	1.719506173	1.210566409	2.228445937
407	Natural	1.730987654	1.219252491	2.242722817
408	Natural	1.732962963	1.219301071	2.246624855
409	Natural	1.738765432	1.22294103	2.254589834
410	Natural	1.744074074	1.226529306	2.261618842
411	Natural	1.737530864	1.217961148	2.25710058
412	Natural	1.741296296	1.219108952	2.263483641
413	Natural	1.743333333	1.219958322	2.266708345
414	Natural	1.735802469	1.21069896	2.260905979
415	Natural	1.746666667	1.220904889	2.272428445
416	Natural	1.75037037	1.225340886	2.275399855
417	Natural	1.748271605	1.222802035	2.273741175
418	Natural	1.755555556	1.228445634	2.282665477
419	Natural	1.752839506	1.224335518	2.281343494
420	Natural	1.760123457	1.227403104	2.29284381
421	Natural	1.772592593	1.238231261	2.306953924
422	Natural	1.773580247	1.239877369	2.307283125
423	Natural	1.77654321	1.240856919	2.3122295
424	Natural	1.79	1.251261346	2.328738654
425	Natural	1.796851852	1.255932471	2.337771233
426	Natural	1.810493827	1.264691402	2.356296252
427	Natural	1.839382716	1.290178915	2.388586517
428	Natural	1.835679012	1.286436474	2.38492155
429	Natural	1.83037037	1.281353998	2.379386743
430	Natural	1.831851852	1.284372639	2.379331065
431	Natural	1.81962963	1.273477236	2.365782023
432	Natural	1.814691358	1.268185887	2.361196829
433	Natural	1.825308642	1.276383289	2.374233995
434	Natural	1.834074074	1.281983436	2.386164712
435	Natural	1.849444444	1.294240832	2.404648057
436	Natural	1.859382716	1.302488205	2.416277227
437	Natural	1.854444444	1.299484809	2.409404079
438	Natural	1.843333333	1.289242724	2.397423943
439	Natural	1.842777778	1.287792431	2.397763124
440	Natural	1.849506173	1.292802264	2.406210081
441	Natural	1.864320988	1.304412003	2.424229972
442	Natural	1.880617284	1.318017699	2.443216869
443	Natural	1.878148148	1.316565236	2.439731061
444	Natural	1.858888889	1.300602786	2.417174992
445	Natural	1.845925926	1.289155804	2.402696048
446	Natural	1.852716049	1.2934151	2.412016999
447	Natural	1.86962963	1.307044898	2.432214361
448	Natural	1.890864198	1.322349775	2.45937862
449	Natural	1.906851852	1.334740198	2.478963505
450	Natural	1.907037037	1.335841267	2.478232807
451	Natural	1.898148148	1.328202858	2.468093438
452	Natural	1.902222222	1.33307426	2.471370185
453	Natural	1.903333333	1.335012767	2.4716539
454	Natural	1.904444444	1.335583586	2.473305302
455	Natural	1.919506173	1.349726595	2.489285751
456	Natural	1.919506173	1.34947156	2.489540786
457	Natural	1.911728395	1.343894652	2.479562138
458	Natural	1.88617284	1.322081597	2.450264082
459	Natural	1.884814815	1.318735141	2.450894489
460	Natural	1.897283951	1.329684859	2.464883042
461	Natural	1.912469136	1.34201104	2.482927231
462	Natural	1.94345679	1.36824583	2.51866775
463	Natural	1.953209877	1.378300103	2.52811965
464	Natural	1.949753086	1.375743106	2.523763066
465	Natural	1.94537037	1.372588326	2.518152415
466	Natural	1.944197531	1.370992113	2.517402949
467	Natural	1.946419753	1.371577143	2.521262363
468	Natural	1.951604938	1.375484631	2.527725246
469	Natural	1.960123457	1.382152639	2.538094274
470	Natural	1.966666667	1.388354878	2.544978455
471	Natural	1.966666667	1.388536187	2.544797146
472	Natural	1.96617284	1.387334887	2.545010792
473	Natural	1.981604938	1.401345267	2.56186461
474	Natural	1.989259259	1.408431941	2.570086578
475	Natural	1.995308642	1.413973442	2.576643842
476	Natural	2.002222222	1.421259326	2.583185118
477	Natural	1.998024691	1.417366712	2.578682671
478	Natural	2.002839506	1.421367315	2.584311698
479	Natural	2.013950617	1.431778339	2.596122896
480	Natural	2.014691358	1.431913268	2.597469448
481	Natural	2.01037037	1.431404365	2.589336376
482	Natural	2.044259259	1.451148676	2.637369843
483	Natural	2.183950617	1.542063093	2.825838141
484	Natural	2.190617284	1.555800216	2.825434352
485	Natural	2.204814815	1.569336624	2.840293005
486	Natural	2.15617284	1.540013105	2.772332574
487	Natural	2.077592593	1.491662114	2.663523071
488	Natural	2.086790123	1.494765655	2.678814591
489	Natural	2.098271605	1.503537062	2.693006148
490	Natural	2.107283951	1.512774638	2.701793263
491	Natural	2.117407407	1.519922592	2.714892222
492	Natural	2.124567901	1.526266952	2.72286885
493	Natural	2.142098765	1.539404143	2.744793388
494	Natural	2.184074074	1.577242381	2.790905767
495	Natural	2.190864198	1.58732679	2.794401606
496	Natural	2.182098765	1.578657154	2.785540376
497	Natural	2.19037037	1.585224802	2.795515938
498	Natural	2.204814815	1.597038102	2.812591527
499	Natural	2.225185185	1.61493796	2.83543241
500	Natural	2.23537037	1.623388748	2.847351993
501	Natural	2.244691358	1.631025725	2.858356991
502	Natural	2.252839506	1.638291189	2.867387823
503	Natural	2.261604938	1.645552974	2.877656902
504	Natural	2.277407407	1.659185431	2.895629384
505	Natural	2.291358025	1.671751151	2.910964898
506	Natural	2.304259259	1.683986032	2.924532486
507	Natural	2.315925926	1.693905634	2.937946217
508	Natural	2.331358025	1.706737814	2.955978235
509	Natural	2.353580247	1.725906312	2.981254182
510	Natural	2.374444444	1.744439585	3.004449303
511	Natural	2.39617284	1.764241047	3.028104632
512	Natural	2.414814815	1.781678075	3.047951555
513	Natural	2.428333333	1.793650502	3.063016164
514	Natural	2.445432099	1.808628632	3.082235566
515	Natural	2.464197531	1.82551551	3.102879552
516	Natural	2.472345679	1.833032901	3.111658457
517	Natural	2.474197531	1.834153502	3.11424156
518	Natural	2.491851852	1.847562155	3.136141549
519	Natural	2.519259259	1.871358926	3.167159593
520	Natural	2.551358025	1.899478362	3.203237687
521	Natural	2.58537037	1.93046253	3.24027821
522	Natural	2.605925926	1.950812228	3.261039624
523	Natural	2.617407407	1.961652907	3.273161908
524	Natural	2.624938272	1.968025067	3.281851476
525	Natural	2.648888889	1.986848357	3.310929421
526	Natural	2.666049383	2.00379273	3.328306036
527	Natural	2.725061728	2.041896513	3.408226944
528	Natural	2.812037037	2.105937571	3.518136503
529	Natural	2.838024691	2.133727111	3.542322272
530	Natural	2.873703704	2.164980268	3.582427139
531	Natural	2.88654321	2.18744629	3.58564013
532	Natural	2.83654321	2.157075216	3.516011204
533	Natural	2.852469136	2.165910513	3.539027759
534	Natural	2.882962963	2.193581515	3.572344411
535	Natural	2.912962963	2.218355602	3.607570324
536	Natural	2.969074074	2.268454992	3.669693156
537	Natural	2.996419753	2.293960017	3.698879489
538	Natural	3.016419753	2.309996592	3.722842914
539	Natural	3.054938272	2.346907476	3.762969067
540	Natural	3.040987654	2.33469241	3.747282899
541	Natural	3.073333333	2.359685465	3.786981201
542	Natural	3.115802469	2.398591775	3.833013164
543	Natural	3.180864198	2.454465931	3.907262464
544	Natural	3.266049383	2.535227137	3.996871628
545	Natural	3.288333333	2.556476389	4.020190278
546	Natural	3.314074074	2.57730919	4.050838958
547	Natural	3.352222222	2.612010497	4.092433948
548	Natural	3.401234568	2.656080348	4.146388788
549	Natural	3.461481481	2.709953533	4.21300943
550	Natural	3.510864198	2.755610198	4.266118197
551	Natural	3.535679012	2.775791871	4.295566154
552	Natural	3.574691358	2.809653235	4.339729481
553	Natural	3.627407407	2.858563018	4.396251796
554	Natural	3.674444444	2.902913217	4.445975672
555	Natural	3.738395062	2.961438702	4.515351421
556	Natural	3.803333333	3.020298222	4.586368445
557	Natural	3.858518519	3.067888463	4.649148575
558	Natural	3.911111111	3.112380853	4.709841369
559	Natural	3.959876543	3.154566208	4.765186879
560	Natural	4.013950617	3.203085584	4.824815651
561	Natural	4.075679012	3.258214073	4.893143951
562	Natural	4.141975309	3.318108667	4.965841951
563	Natural	4.21308642	3.382275718	5.043897121
564	Natural	4.26462963	3.427981328	5.101277931
565	Natural	4.309259259	3.465819912	5.152698606
566	Natural	4.377283951	3.524324816	5.230243086
567	Natural	4.448024691	3.586627277	5.309422106
568	Natural	4.526049383	3.655559241	5.396539524
569	Natural	4.612716049	3.733405266	5.492026833
570	Natural	4.672716049	3.78816219	5.557269909
571	Natural	4.74	3.847855973	5.632144027
572	Natural	4.821111111	3.920694188	5.721528035
573	Natural	4.894691358	3.986400022	5.802982694
574	Natural	4.984197531	4.064821304	5.903573758
575	Natural	5.071111111	4.141563773	6.000658449
576	Natural	5.136851852	4.198383137	6.075320567
577	Natural	5.213950617	4.264732347	6.163168888
578	Natural	5.310864198	4.347743402	6.273984993
579	Natural	5.395308642	4.418789706	6.371827578
580	Natural	5.475925926	4.48561731	6.466234542
581	Natural	5.555925926	4.552677098	6.559174754
582	Natural	5.635925926	4.619781794	6.652070058
583	Natural	5.71962963	4.690262433	6.748996826
584	Natural	5.809753086	4.767687395	6.851818778
585	Natural	5.897777778	4.843236096	6.95231946
586	Natural	5.985432099	4.919125916	7.051738281
587	Natural	6.069012346	4.99114369	7.146881002
588	Natural	6.148641975	5.059340463	7.237943488
589	Natural	6.231234568	5.129631667	7.332837468
590	Natural	6.306296296	5.193373237	7.419219356
591	Natural	6.38037037	5.255781283	7.504959458
592	Natural	6.47	5.330935566	7.609064434
593	Natural	6.553209877	5.400420845	7.705998908
594	Natural	6.634938272	5.467585671	7.802290872
595	Natural	6.69617284	5.517853666	7.874492013
596	Natural	6.751851852	5.561881818	7.941821886
597	Natural	6.844814815	5.638878828	8.050750802
598	Natural	6.930493827	5.710221504	8.15076615
599	Natural	7.044320988	5.804256227	8.284385748
600	Natural	7.154814815	5.89467384	8.414955789
601	Natural	7.214074074	5.940743548	8.4874046
602	Natural	7.25691358	5.972311074	8.541516086
603	Natural	7.307654321	6.012402126	8.602906516
604	Natural	7.393333333	6.082124972	8.704541694
605	Natural	7.504938272	6.173820156	8.836056387
606	Natural	7.623580247	6.270511625	8.976648869
607	Natural	7.737160494	6.362168486	9.112152502
608	Natural	7.78691358	6.398757065	9.175070095
609	Natural	7.840555556	6.440423229	9.240687882
610	Natural	7.909382716	6.496421117	9.322344315
611	Natural	8.01691358	6.584966789	9.448860371
612	Natural	8.149012346	6.693273455	9.604751236
613	Natural	8.247901235	6.774363972	9.721438498
614	Natural	8.325308642	6.838218019	9.812399265
615	Natural	8.392716049	6.892938151	9.892493948
616	Natural	8.467777778	6.952963744	9.982591812
617	Natural	8.535925926	7.005025	10.06682685
618	Natural	8.602716049	7.055653121	10.14977898
619	Natural	8.679012346	7.115531436	10.24249326
620	Natural	8.755555556	7.1765024	10.33460871
621	Natural	8.828395062	7.235910732	10.42087939
622	Natural	8.900864198	7.294355318	10.50737308
623	Natural	8.97382716	7.353638964	10.59401536
624	Natural	9.037530864	7.404317997	10.67074373
625	Natural	9.084320988	7.440874678	10.7277673
626	Natural	9.134197531	7.481117256	10.78727781
627	Natural	9.207901235	7.541454303	10.87434817
628	Natural	9.281604938	7.599129856	10.96408002
629	Natural	9.379259259	7.676942219	11.0815763
630	Natural	9.45691358	7.734185493	11.17964167
631	Natural	9.518271605	7.779680894	11.25686232
632	Natural	9.572839506	7.821309864	11.32436915
633	Natural	9.627407407	7.864014053	11.39080076
634	Natural	9.694320988	7.917619216	11.47102276
635	Natural	9.764938272	7.974280521	11.55559602
636	Natural	9.848148148	8.040724717	11.65557158
637	Natural	9.924938272	8.102299064	11.74757748
638	Natural	9.986296296	8.151724581	11.82086801
639	Natural	10.0537037	8.206845682	11.90056172
640	Natural	10.11518519	8.2570932	11.97327717
641	Natural	10.18074074	8.311106737	12.05037474
642	Natural	10.24580247	8.364485544	12.12711939
643	Natural	10.30283951	8.410025876	12.19565314
644	Natural	10.36617284	8.462332823	12.27001286
645	Natural	10.4254321	8.511939156	12.33892504
646	Natural	10.47888889	8.555139074	12.4026387
647	Natural	10.53234568	8.599339058	12.4653523
648	Natural	10.58876543	8.646468034	12.53106283
649	Natural	10.64	8.689304668	12.59069533
650	Natural	10.6917284	8.734150006	12.64930678
651	Natural	10.74506173	8.781207184	12.70891627
652	Natural	10.80209877	8.82965388	12.77454365
653	Natural	10.86074074	8.878763963	12.84271752
654	Natural	10.91654321	8.924627826	12.90845859
655	Natural	10.96506173	8.96531795	12.96480551
656	Natural	11.00234568	8.999220696	13.00547066
657	Natural	11.0162963	9.013068636	13.01952396
658	Natural	11.01246914	9.013356222	13.01158205
659	Natural	11.0608642	9.054139988	13.06758841
660	Natural	11.11518519	9.096104231	13.13426614
661	Natural	11.21518519	9.176652372	13.253718
662	Natural	11.30716049	9.247080751	13.36724024
663	Natural	11.35407407	9.281712736	13.42643541
664	Natural	11.38864198	9.308247006	13.46903695
665	Natural	11.41271605	9.326550212	13.49888189
666	Natural	11.43666667	9.343893904	13.52943943
667	Natural	11.45814815	9.358875447	13.55742085
668	Natural	11.48296296	9.379112671	13.58681325
669	Natural	11.52345679	9.413076454	13.63383713
670	Natural	11.57037037	9.453942095	13.68679865
671	Natural	11.61641975	9.49105644	13.74178307
672	Natural	11.66641975	9.532184105	13.8006554
673	Natural	11.69888889	9.556477234	13.84130054
674	Natural	11.72777778	9.576408447	13.87914711
675	Natural	11.76012346	9.60077957	13.91946734
676	Natural	11.78703704	9.61974419	13.95432988
677	Natural	11.81283951	9.641897595	13.98378142
678	Natural	11.82425926	9.655400514	13.993118
679	Natural	11.81962963	9.655350342	13.98390892
680	Natural	11.84938272	9.678809586	14.01995585
681	Natural	11.88246914	9.700402597	14.06453568
682	Natural	11.96333333	9.763440646	14.16322602
683	Natural	12.03271605	9.817983429	14.24744867
684	Natural	12.0745679	9.852005962	14.29712984
685	Natural	12.10148148	9.873367665	14.3295953
686	Natural	12.10320988	9.872112746	14.33430701
687	Natural	12.11728395	9.881197788	14.35337011
688	Natural	12.14765432	9.904610948	14.39069769
689	Natural	12.18037037	9.930167653	14.43057309
690	Natural	12.20925926	9.952528292	14.46599023
691	Natural	12.23333333	9.974944128	14.49172254
692	Natural	12.25666667	9.998581027	14.51475231
693	Natural	12.28901235	10.03115569	14.546869
694	Natural	12.32814815	10.06530896	14.59098734
695	Natural	12.35024691	10.0789297	14.62156413
696	Natural	12.33101852	10.05601265	14.60602439
697	Natural	12.22901235	9.972654373	14.48537032
698	Natural	12.20975309	9.965663711	14.45384246
699	Natural	12.25555556	10.00712921	14.50398191
700	Natural	12.33938272	10.07704842	14.60171701
280	Painted	1.50308642	1.174552715	1.831620125
281	Painted	1.549259259	1.223035261	1.875483258
282	Painted	1.594567901	1.268178743	1.920957059
283	Painted	1.680740741	1.355444201	2.006037281
284	Painted	1.733703704	1.409090083	2.058317324
285	Painted	1.755432099	1.431894448	2.07896975
286	Painted	1.782222222	1.456873088	2.107571357
287	Painted	1.788395062	1.460277803	2.11651232
288	Painted	1.796666667	1.467201398	2.126131935
289	Painted	1.809259259	1.478257537	2.140260982
290	Painted	1.817777778	1.485664827	2.149890729
291	Painted	1.811111111	1.477932791	2.144289431
292	Painted	1.801604938	1.466700355	2.136509521
293	Painted	1.814691358	1.477181535	2.152201181
294	Painted	1.834814815	1.497605314	2.172024315
295	Painted	1.876419753	1.539324992	2.213514515
296	Painted	1.931481481	1.59474854	2.268214423
297	Painted	1.969259259	1.63112022	2.307398298
298	Painted	1.961975309	1.623095109	2.300855509
299	Painted	1.962839506	1.625188417	2.300490595
300	Painted	1.960740741	1.623101665	2.298379817
301	Painted	1.912592593	1.57922473	2.245960455
302	Painted	1.904444444	1.575151382	2.233737507
303	Painted	1.897160494	1.568589183	2.225731804
304	Painted	1.900925926	1.574470139	2.227381713
305	Painted	1.897654321	1.572108651	2.22319999
306	Painted	1.910123457	1.584807547	2.235439367
307	Painted	1.923148148	1.600087882	2.246208415
308	Painted	1.914074074	1.59179828	2.236349868
309	Painted	1.954197531	1.630648642	2.27774642
310	Painted	1.983888889	1.658732274	2.309045504
311	Painted	2.000617284	1.67512655	2.326108018
312	Painted	2.020864198	1.694690819	2.347037576
313	Painted	2.002469136	1.677377012	2.327561259
314	Painted	1.958333333	1.636451824	2.280214842
315	Painted	1.916666667	1.596859653	2.23647368
316	Painted	1.872592593	1.555388329	2.189796857
317	Painted	1.858333333	1.543557261	2.173109405
318	Painted	1.880123457	1.566613079	2.193633834
319	Painted	1.876790123	1.563981704	2.189598542
320	Painted	1.896296296	1.584859841	2.207732752
321	Painted	1.901481481	1.589999871	2.212963092
322	Painted	1.911604938	1.600819297	2.222390579
323	Painted	1.940617284	1.630434838	2.25079973
324	Painted	1.942962963	1.632470599	2.253455327
325	Painted	1.968518519	1.657167296	2.279869741
326	Painted	1.968024691	1.657188186	2.278861196
327	Painted	1.95537037	1.644612162	2.266128579
328	Painted	1.931234568	1.621263177	2.241205958
329	Painted	1.910246914	1.601300507	2.21919332
330	Painted	1.89691358	1.589295848	2.204531312
331	Painted	1.907037037	1.600050206	2.214023868
332	Painted	1.933580247	1.624547413	2.242613081
333	Painted	1.935925926	1.625301624	2.246550228
334	Painted	1.948703704	1.636713847	2.260693561
335	Painted	1.963950617	1.6518118	2.276089435
336	Painted	1.982716049	1.670751372	2.294680727
337	Painted	2.006790123	1.694943094	2.318637153
338	Painted	2.022962963	1.711289121	2.334636805
339	Painted	2.026790123	1.714450728	2.339129519
340	Painted	2.03037037	1.717709664	2.343031077
341	Painted	2.03	1.716678104	2.343321896
342	Painted	2.029876543	1.717525059	2.342228027
343	Painted	2.04691358	1.733648116	2.360179044
344	Painted	2.060987654	1.746825075	2.375150233
345	Painted	2.079074074	1.763352406	2.394795742
346	Painted	2.094320988	1.777438206	2.41120377
347	Painted	2.10345679	1.786126587	2.420786993
348	Painted	2.102962963	1.784918094	2.421007832
349	Painted	2.101851852	1.784304031	2.419399673
350	Painted	2.099753086	1.782345903	2.41716027
351	Painted	2.107530864	1.788839652	2.426222076
352	Painted	2.125555556	1.805762018	2.445349093
353	Painted	2.154938272	1.834366031	2.475510513
354	Painted	2.17617284	1.853550599	2.49879508
355	Painted	2.194938272	1.870997094	2.518879449
356	Painted	2.210925926	1.885237065	2.536614787
357	Painted	2.215802469	1.889340981	2.542263957
358	Painted	2.229259259	1.901783239	2.55673528
359	Painted	2.254567901	1.925156345	2.583979457
360	Painted	2.27962963	1.948100437	2.611158822
361	Painted	2.293950617	1.95963534	2.628265894
362	Painted	2.314444444	1.977594567	2.651294322
363	Painted	2.31037037	1.972986216	2.647754524
364	Painted	2.298765432	1.962319641	2.635211223
365	Painted	2.314444444	1.977999979	2.65088891
366	Painted	2.317037037	1.979769363	2.654304711
367	Painted	2.327962963	1.988973081	2.666952845
368	Painted	2.338518519	1.997874006	2.679163031
369	Painted	2.335925926	1.994730999	2.677120853
370	Painted	2.352345679	2.00932792	2.695363438
371	Painted	2.365	2.020835311	2.709164689
372	Painted	2.371975309	2.026781927	2.71716869
373	Painted	2.374197531	2.027020241	2.721374821
374	Painted	2.382345679	2.034104757	2.730586601
375	Painted	2.399074074	2.049199315	2.748948833
376	Painted	2.411975309	2.060236281	2.763714336
377	Painted	2.445679012	2.092459401	2.798898623
378	Painted	2.466666667	2.113249084	2.820084249
379	Painted	2.473518519	2.118893829	2.828143208
380	Painted	2.488148148	2.132611053	2.843685243
381	Painted	2.485679012	2.128343853	2.843014171
382	Painted	2.491604938	2.13176964	2.851440237
383	Painted	2.507962963	2.147083826	2.8688421
384	Painted	2.515555556	2.15352535	2.877585762
385	Painted	2.534567901	2.170824725	2.898311077
386	Painted	2.551358025	2.186423597	2.916292453
387	Painted	2.550740741	2.184930829	2.916550653
388	Painted	2.556419753	2.190841438	2.921998069
389	Painted	2.565432099	2.199763348	2.931100849
390	Painted	2.583703704	2.216701101	2.950706306
391	Painted	2.605925926	2.237625865	2.974225987
392	Painted	2.617160494	2.24690097	2.987420018
393	Painted	2.633580247	2.261438095	3.005722399
394	Painted	2.645061728	2.271969602	3.018153855
395	Painted	2.649074074	2.275431627	3.022716521
396	Painted	2.656049383	2.28250274	3.029596026
397	Painted	2.667777778	2.294472646	3.04108291
398	Painted	2.67	2.296244954	3.043755046
399	Painted	2.677037037	2.302358249	3.051715825
400	Painted	2.686049383	2.310864388	3.061234377
401	Painted	2.682716049	2.30726321	3.058168889
402	Painted	2.685802469	2.309859262	3.061745676
403	Painted	2.694814815	2.317186013	3.072443617
404	Painted	2.703580247	2.32449835	3.082662143
405	Painted	2.722962963	2.342264465	3.103661461
406	Painted	2.736049383	2.354509222	3.117589543
407	Painted	2.741481481	2.360702207	3.122260756
408	Painted	2.74037037	2.360430562	3.120310179
409	Painted	2.744320988	2.363908581	3.124733394
410	Painted	2.750864198	2.369902843	3.131825552
411	Painted	2.745308642	2.362973252	3.127644032
412	Painted	2.749074074	2.366391133	3.131757016
413	Painted	2.748518519	2.366087089	3.130949948
414	Painted	2.744814815	2.362700041	3.126929589
415	Painted	2.768641975	2.385390506	3.151893445
416	Painted	2.783888889	2.400295418	3.16748236
417	Painted	2.799753086	2.413620469	3.185885704
418	Painted	2.831111111	2.442188975	3.220033247
419	Painted	2.844320988	2.453671468	3.234970507
420	Painted	2.873950617	2.479177888	3.268723346
421	Painted	2.898148148	2.502190598	3.294105698
422	Painted	2.898148148	2.502859077	3.29343722
423	Painted	2.902839506	2.506634559	3.299044453
424	Painted	2.922098765	2.524979218	3.319218313
425	Painted	2.924259259	2.526967266	3.321551253
426	Painted	2.936049383	2.536990346	3.335108419
427	Painted	2.947530864	2.549162946	3.345898783
428	Painted	2.90654321	2.513002739	3.30008368
429	Painted	2.88	2.490224153	3.269775847
430	Painted	2.87537037	2.486877331	3.26386341
431	Painted	2.867160494	2.479539714	3.254781273
432	Painted	2.875679012	2.486996458	3.264361567
433	Painted	2.902222222	2.510619449	3.293824995
434	Painted	2.919012346	2.526025099	3.311999592
435	Painted	2.93462963	2.540647026	3.328612234
436	Painted	2.936419753	2.543879321	3.328960185
437	Painted	2.919259259	2.529641205	3.308877314
438	Painted	2.913950617	2.525079415	3.30282182
439	Painted	2.928148148	2.536759822	3.319536474
440	Painted	2.951111111	2.556355022	3.3458672
441	Painted	2.976049383	2.578605874	3.373492891
442	Painted	2.989753086	2.592038438	3.387467735
443	Painted	2.97037037	2.576042824	3.364697917
444	Painted	2.941481481	2.551454357	3.331508606
445	Painted	2.930617284	2.540916973	3.320317595
446	Painted	2.957037037	2.564004743	3.350069331
447	Painted	2.989753086	2.5938496	3.385656572
448	Painted	3.012592593	2.614146829	3.411038357
449	Painted	3.01537037	2.617715559	3.413025182
450	Painted	2.984197531	2.590856082	3.377538979
451	Painted	2.946049383	2.557135402	3.334963363
452	Painted	2.94308642	2.555487492	3.330685347
453	Painted	2.942592593	2.555347723	3.329837462
454	Painted	2.946296296	2.558177212	3.33441538
455	Painted	2.96	2.572459235	3.347540765
456	Painted	2.948765432	2.562629949	3.334900915
457	Painted	2.931975309	2.547797266	3.316153351
458	Painted	2.905802469	2.523039312	3.288565627
459	Painted	2.917962963	2.53275706	3.303168866
460	Painted	2.941975309	2.555435832	3.328514785
461	Painted	2.959506173	2.5723134	3.346698946
462	Painted	2.985555556	2.598043316	3.373067796
463	Painted	2.965555556	2.582767607	3.348343504
464	Painted	2.938395062	2.558570815	3.318219308
465	Painted	2.921666667	2.544266983	3.29906635
466	Painted	2.914567901	2.538060105	3.291075698
467	Painted	2.915308642	2.539072578	3.291544706
468	Painted	2.919259259	2.543514109	3.29500441
469	Painted	2.929135802	2.552466643	3.305804962
470	Painted	2.931111111	2.554769212	3.30745301
471	Painted	2.922839506	2.54723691	3.298442102
472	Painted	2.916790123	2.541391589	3.292188658
473	Painted	2.926790123	2.551686754	3.301893493
474	Painted	2.93037037	2.555303934	3.305436807
475	Painted	2.935555556	2.559747251	3.31136386
476	Painted	2.941296296	2.565899059	3.316693533
477	Painted	2.935308642	2.560463618	3.310153666
478	Painted	2.938888889	2.564490899	3.313286879
479	Painted	2.943333333	2.569963853	3.316702814
480	Painted	2.941111111	2.568306341	3.313915881
481	Painted	2.935061728	2.563774562	3.306348895
482	Painted	2.998333333	2.615018687	3.38164798
483	Painted	3.231728395	2.812084422	3.651372368
484	Painted	3.25	2.833187591	3.666812409
485	Painted	3.270987654	2.853694629	3.68828068
486	Painted	3.194197531	2.789699675	3.598695386
487	Painted	3.060740741	2.677832426	3.443649055
488	Painted	3.067160494	2.681178872	3.453142116
489	Painted	3.070246914	2.68366827	3.456825557
490	Painted	3.061728395	2.677077715	3.446379075
491	Painted	3.06	2.675007938	3.444992062
492	Painted	3.05691358	2.673043244	3.440783916
493	Painted	3.068765432	2.683874852	3.453656012
494	Painted	3.102777778	2.718661135	3.486894421
495	Painted	3.074567901	2.696973762	3.45216204
496	Painted	3.040617284	2.664466059	3.416768509
497	Painted	3.040864198	2.664372325	3.41735607
498	Painted	3.053209877	2.674830421	3.431589332
499	Painted	3.065432099	2.686649254	3.444214943
500	Painted	3.060925926	2.683343246	3.438508606
501	Painted	3.057037037	2.680121305	3.433952769
502	Painted	3.04962963	2.6738571	3.42540216
503	Painted	3.046666667	2.671662877	3.421670456
504	Painted	3.053333333	2.67842981	3.428236857
505	Painted	3.057037037	2.682336852	3.431737222
506	Painted	3.059444444	2.68497601	3.433912879
507	Painted	3.061851852	2.687403244	3.43630046
508	Painted	3.073209877	2.696772822	3.449646932
509	Painted	3.092716049	2.713734624	3.471697475
510	Painted	3.110123457	2.729377504	3.490869409
511	Painted	3.121481481	2.739946155	3.503016808
512	Painted	3.125925926	2.74466752	3.507184332
513	Painted	3.127222222	2.746094467	3.508349977
514	Painted	3.131358025	2.750653644	3.512062406
515	Painted	3.135308642	2.75557692	3.515040364
516	Painted	3.128765432	2.750349002	3.507181862
517	Painted	3.124691358	2.745328452	3.504054264
518	Painted	3.146666667	2.763640477	3.529692857
519	Painted	3.179012346	2.793379781	3.56464491
520	Painted	3.20654321	2.818898462	3.594187958
521	Painted	3.230740741	2.84317243	3.618309052
522	Painted	3.233209877	2.846186491	3.620233262
523	Painted	3.225432099	2.839139479	3.611724719
524	Painted	3.221234568	2.83355133	3.608917806
525	Painted	3.249876543	2.857656805	3.642096281
526	Painted	3.26962963	2.877028503	3.662230757
527	Painted	3.338148148	2.933006734	3.743289562
528	Painted	3.448148148	3.027688833	3.868607464
529	Painted	3.47962963	3.060484496	3.898774763
530	Painted	3.516049383	3.094123831	3.937974934
531	Painted	3.517160494	3.100787523	3.933533464
532	Painted	3.43037037	3.026173813	3.834566928
533	Painted	3.43345679	3.023627887	3.843285693
534	Painted	3.461604938	3.049359109	3.873850768
535	Painted	3.487037037	3.071066352	3.903007722
536	Painted	3.538518519	3.119697724	3.957339313
537	Painted	3.552345679	3.134537986	3.970153373
538	Painted	3.559259259	3.140576956	3.977941563
539	Painted	3.591234568	3.172149259	4.010319876
540	Painted	3.562962963	3.144721758	3.981204168
541	Painted	3.60691358	3.181699867	4.032127293
542	Painted	3.659753086	3.231194444	4.088311729
543	Painted	3.735679012	3.30081711	4.170540915
544	Painted	3.825308642	3.388004667	4.262612617
545	Painted	3.835925926	3.398407068	4.273444784
546	Painted	3.852716049	3.411376479	4.294055619
547	Painted	3.890123457	3.444488366	4.335758548
548	Painted	3.939135802	3.489470234	4.388801371
549	Painted	3.996296296	3.542832766	4.449759827
550	Painted	4.035185185	3.580864676	4.489505694
551	Painted	4.05037037	3.594070935	4.506669806
552	Painted	4.09037037	3.629098656	4.551642085
553	Painted	4.144814815	3.678999164	4.610630466
554	Painted	4.188518519	3.719724803	4.657312234
555	Painted	4.243333333	3.771374478	4.715292189
556	Painted	4.288765432	3.81567624	4.761854624
557	Painted	4.322345679	3.847737748	4.79695361
558	Painted	4.357777778	3.880203246	4.83535231
559	Painted	4.39308642	3.912726626	4.873446214
560	Painted	4.428024691	3.943959703	4.91208968
561	Painted	4.470740741	3.982289261	4.959192221
562	Painted	4.51037037	4.018262312	5.002478429
563	Painted	4.551358025	4.056615743	5.046100307
564	Painted	4.571111111	4.074921095	5.067301127
565	Painted	4.582345679	4.084862481	5.079828877
566	Painted	4.622962963	4.121543385	5.124382541
567	Painted	4.672592593	4.167348798	5.177836387
568	Painted	4.732839506	4.223155462	5.24252355
569	Painted	4.800740741	4.286173316	5.315308166
570	Painted	4.832098765	4.314945181	5.34925235
571	Painted	4.877777778	4.356540347	5.399015208
572	Painted	4.958271605	4.430366685	5.486176525
573	Painted	5.036296296	4.502588045	5.570004548
574	Painted	5.146049383	4.602837646	5.68926112
575	Painted	5.266049383	4.712515974	5.819582791
576	Painted	5.361296296	4.79936997	5.923222623
577	Painted	5.481604938	4.908861036	6.054348841
578	Painted	5.650246914	5.062409439	6.238084388
579	Painted	5.823703704	5.21905245	6.428354957
580	Painted	6.010617284	5.385631336	6.635603232
581	Painted	6.21691358	5.568535227	6.865291933
582	Painted	6.441604938	5.767003552	7.116206325
583	Painted	6.690617284	5.986351345	7.394883223
584	Painted	6.969506173	6.231718528	7.707293818
585	Painted	7.267037037	6.492474383	8.041599691
586	Painted	7.582098765	6.767522617	8.396674914
587	Painted	7.913950617	7.055802177	8.772099057
588	Painted	8.258518519	7.3540609	9.162976137
589	Painted	8.62308642	7.668791355	9.577381485
590	Painted	8.951111111	7.952707716	9.949514506
591	Painted	9.298148148	8.252457567	10.34383873
592	Painted	9.744074074	8.636809442	10.85133871
593	Painted	10.20716049	9.03264219	11.3816788
594	Painted	10.6808642	9.436313967	11.92541443
595	Painted	11.12506173	9.812038414	12.43808504
596	Painted	11.5691358	10.18324439	12.95502721
597	Painted	12.07	10.60735932	13.53264068
598	Painted	12.55493827	11.01715063	14.09272591
599	Painted	13.14135802	11.51230389	14.77041216
600	Painted	13.8208642	12.08361433	15.55811406
601	Painted	14.38555556	12.54768438	16.22342673
602	Painted	14.85740741	12.92998619	16.78482863
603	Painted	15.28024691	13.27319453	17.2872993
604	Painted	15.73493827	13.6473905	17.82248604
605	Painted	16.26259259	14.09112679	18.43405839
606	Painted	16.85691358	14.58866021	19.12516695
607	Painted	17.51246914	15.13171722	19.89322105
608	Painted	17.96728395	15.49110635	20.44346155
609	Painted	18.30333333	15.75645174	20.85021493
610	Painted	18.63604938	16.02857015	21.24352862
611	Painted	19.09617284	16.41036028	21.7819854
612	Painted	19.70098765	16.9149088	22.48706651
613	Painted	20.21111111	17.33266308	23.08955914
614	Painted	20.59604938	17.64025736	23.55184141
615	Painted	20.91395062	17.89378114	23.9341201
616	Painted	21.20555556	18.12774239	24.28336873
617	Painted	21.46592593	18.33718914	24.59466271
618	Painted	21.7037037	18.52847166	24.87893575
619	Painted	21.94049383	18.72321734	25.15777031
620	Painted	22.17617284	18.91746594	25.43487974
621	Painted	22.40802469	19.10925636	25.70679302
622	Painted	22.62049383	19.28364404	25.95734362
623	Painted	22.80962963	19.43792356	26.1813357
624	Painted	22.96012346	19.56004056	26.36020635
625	Painted	23.01320988	19.60051241	26.42590735
626	Painted	23.02777778	19.60813188	26.44742367
627	Painted	23.1062963	19.67776909	26.5348235
628	Painted	23.20061728	19.75988945	26.64134512
629	Painted	23.36567901	19.90459433	26.82676369
630	Painted	23.49049383	20.01267816	26.9683095
631	Painted	23.54481481	20.057042	27.03258763
632	Painted	23.55358025	20.0621023	27.0450582
633	Painted	23.53839506	20.04608562	27.03070451
634	Painted	23.56382716	20.06907549	27.05857883
635	Painted	23.59111111	20.09725496	27.08496727
636	Painted	23.66864198	20.16970317	27.16758078
637	Painted	23.73320988	20.23213467	27.23428508
638	Painted	23.75753086	20.25535802	27.25970371
639	Painted	23.78320988	20.27844142	27.28797833
640	Painted	23.78296296	20.28058444	27.28534149
641	Painted	23.77123457	20.27380559	27.26866355
642	Painted	23.75469136	20.26242393	27.24695879
643	Painted	23.71654321	20.23271986	27.20036656
644	Painted	23.68506173	20.20880774	27.16131571
645	Painted	23.63518519	20.16849471	27.10187566
646	Painted	23.58061728	20.12617937	27.0350552
647	Painted	23.53790123	20.09444177	26.9813607
648	Painted	23.50271605	20.06909086	26.93634124
649	Painted	23.47049383	20.04476479	26.89622286
650	Painted	23.44111111	20.0225436	26.85967862
651	Painted	23.42197531	20.00986827	26.83408235
652	Painted	23.42333333	20.01430491	26.83236176
653	Painted	23.43567901	20.02924598	26.84211205
654	Painted	23.44222222	20.03854065	26.84590379
655	Painted	23.42777778	20.02755944	26.82799612
656	Painted	23.38901235	19.99432776	26.78369694
657	Painted	23.28061728	19.90008794	26.66114663
658	Painted	23.11098765	19.75171244	26.47026287
659	Painted	23.07950617	19.72988056	26.42913179
660	Painted	23.09160494	19.75113742	26.43207246
661	Painted	23.19506173	19.8508678	26.53925565
662	Painted	23.27308642	19.92968062	26.61649222
663	Painted	23.22790123	19.89043924	26.56536323
664	Painted	23.1462963	19.81816161	26.47443098
665	Painted	23.05851852	19.74119371	26.37584333
666	Painted	22.98604938	19.68024388	26.29185488
667	Painted	22.91530864	19.62137931	26.20923798
668	Painted	22.84765432	19.56638383	26.12892482
669	Painted	22.82469136	19.55165965	26.09772307
670	Painted	22.8154321	19.54908581	26.08177838
671	Painted	22.81259259	19.5496187	26.07556648
672	Painted	22.80851852	19.54968228	26.06735475
673	Painted	22.76864198	19.51730931	26.01997464
674	Painted	22.72617284	19.48384115	25.96850453
675	Painted	22.69567901	19.46180244	25.92955558
676	Painted	22.65790123	19.4336619	25.88214057
677	Painted	22.60259259	19.39042531	25.81475987
678	Painted	22.50425926	19.30991909	25.69859943
679	Painted	22.37148148	19.1952808	25.54768217
680	Painted	22.34777778	19.17978229	25.51577327
681	Painted	22.31419753	19.15593757	25.4724575
682	Painted	22.3482716	19.19497796	25.50156525
683	Painted	22.33975309	19.19785128	25.48165489
684	Painted	22.28851852	19.15656427	25.42047277
685	Painted	22.23259259	19.10961648	25.35556871
686	Painted	22.13617284	19.02430132	25.24804436
687	Painted	22.05641975	18.95414117	25.15869833
688	Painted	22.02358025	18.92819827	25.11896223
689	Painted	22.01975309	18.92882165	25.11068452
690	Painted	22.03753086	18.94957614	25.12548559
691	Painted	22.03975309	18.95835597	25.12115021
692	Painted	22.01703704	18.94580378	25.08827029
693	Painted	22.00222222	18.93712749	25.06731696
694	Painted	21.99160494	18.92873731	25.05447257
695	Painted	21.96925926	18.90427775	25.03424077
696	Painted	21.87555556	18.81689666	24.93421445
697	Painted	21.59975309	18.57641671	24.62308946
698	Painted	21.50839506	18.49820012	24.51859
699	Painted	21.55061728	18.54782171	24.55341285
700	Painted	21.66259259	18.65957806	24.66560712
